At time 1731425647.707134274
- Translation: [1.544, 3.544, 0.000]
- Rotation: in Quaternion [0.000, 0.000, 0.000, 1.000]
- Rotation: in RPY (radian) [0.000, -0.000, 0.000]
- Rotation: in RPY (degree) [0.000, -0.000, 0.000]
- Matrix:
  1.000  0.000  0.000  1.544
  0.000  1.000  0.000  3.544
  0.000  0.000  1.000  0.000
  0.000  0.000  0.000  1.000
At time 1731425648.715288827
- Translation: [2.561, 0.406, 0.000]
- Rotation: in Quaternion [0.000, 0.000, -0.056, 0.998]
- Rotation: in RPY (radian) [0.000, 0.000, -0.113]
- Rotation: in RPY (degree) [0.000, 0.000, -6.477]
- Matrix:
  0.994  0.113  0.000  2.561
 -0.113  0.994 -0.000  0.406
 -0.000  0.000  1.000  0.000
  0.000  0.000  0.000  1.000
At time 1731425649.707317062
- Translation: [3.070, 0.022, 0.000]
- Rotation: in Quaternion [0.000, 0.000, -0.022, 1.000]
- Rotation: in RPY (radian) [0.000, 0.000, -0.045]
- Rotation: in RPY (degree) [0.000, 0.000, -2.576]
- Matrix:
  0.999  0.045  0.000  3.070
 -0.045  0.999 -0.000  0.022
 -0.000  0.000  1.000  0.000
  0.000  0.000  0.000  1.000
At time 1731425650.714737362
- Translation: [2.342, 0.663, 0.000]
- Rotation: in Quaternion [0.000, 0.000, 0.409, 0.912]
- Rotation: in RPY (radian) [0.000, -0.000, 0.844]
- Rotation: in RPY (degree) [0.000, -0.000, 48.337]
- Matrix:
  0.665 -0.747  0.000  2.342
  0.747  0.665  0.000  0.663
  0.000  0.000  1.000  0.000
  0.000  0.000  0.000  1.000
At time 1731425651.707394381
- Translation: [1.864, 1.253, 0.000]
- Rotation: in Quaternion [0.000, 0.000, 0.582, 0.813]
- Rotation: in RPY (radian) [0.000, -0.000, 1.242]
- Rotation: in RPY (degree) [0.000, -0.000, 71.167]
- Matrix:
  0.323 -0.946  0.000  1.864
  0.946  0.323  0.000  1.253
  0.000  0.000  1.000  0.000
  0.000  0.000  0.000  1.000
At time 1731425652.714624678
- Translation: [1.913, 1.392, 0.000]
- Rotation: in Quaternion [0.000, 0.000, 0.600, 0.800]
- Rotation: in RPY (radian) [0.000, -0.000, 1.286]
- Rotation: in RPY (degree) [0.000, -0.000, 73.674]
- Matrix:
  0.281 -0.960  0.000  1.913
  0.960  0.281  0.000  1.392
  0.000  0.000  1.000  0.000
  0.000  0.000  0.000  1.000
At time 1731425653.707060276
- Translation: [2.099, 1.042, 0.000]
- Rotation: in Quaternion [-0.000, -0.000, 0.702, 0.712]
- Rotation: in RPY (radian) [-0.000, -0.000, 1.558]
- Rotation: in RPY (degree) [-0.000, -0.000, 89.247]
- Matrix:
  0.013 -1.000 -0.000  2.099
  1.000  0.013  0.000  1.042
  0.000 -0.000  1.000  0.000
  0.000  0.000  0.000  1.000
At time 1731425654.715055189
- Translation: [2.041, 1.877, 0.000]
- Rotation: in Quaternion [0.000, 0.000, 0.599, 0.800]
- Rotation: in RPY (radian) [0.000, -0.000, 1.285]
- Rotation: in RPY (degree) [0.000, -0.000, 73.652]
- Matrix:
  0.281 -0.960  0.000  2.041
  0.960  0.281  0.000  1.877
  0.000  0.000  1.000  0.000
  0.000  0.000  0.000  1.000
At time 1731425655.707011784
- Translation: [2.293, 1.781, 0.000]
- Rotation: in Quaternion [0.000, 0.000, 0.492, 0.871]
- Rotation: in RPY (radian) [0.000, -0.000, 1.028]
- Rotation: in RPY (degree) [0.000, -0.000, 58.891]
- Matrix:
  0.517 -0.856  0.000  2.293
  0.856  0.517  0.000  1.781
  0.000  0.000  1.000  0.000
  0.000  0.000  0.000  1.000
At time 1731425656.715382274
- Translation: [2.141, 1.569, 0.000]
- Rotation: in Quaternion [0.000, 0.000, 0.522, 0.853]
- Rotation: in RPY (radian) [0.000, -0.000, 1.098]
- Rotation: in RPY (degree) [0.000, -0.000, 62.915]
- Matrix:
  0.455 -0.890  0.000  2.141
  0.890  0.455  0.000  1.569
  0.000  0.000  1.000  0.000
  0.000  0.000  0.000  1.000
At time 1731425657.707414238
- Translation: [1.582, 1.150, 0.000]
- Rotation: in Quaternion [0.000, 0.000, 0.736, 0.677]
- Rotation: in RPY (radian) [0.000, -0.000, 1.655]
- Rotation: in RPY (degree) [0.000, -0.000, 94.798]
- Matrix:
 -0.084 -0.996  0.000  1.582
  0.996 -0.084  0.000  1.150
  0.000  0.000  1.000  0.000
  0.000  0.000  0.000  1.000
At time 1731425658.715251600
- Translation: [1.335, 1.794, 0.000]
- Rotation: in Quaternion [0.000, 0.000, 0.682, 0.731]
- Rotation: in RPY (radian) [0.000, -0.000, 1.501]
- Rotation: in RPY (degree) [0.000, -0.000, 86.005]
- Matrix:
  0.070 -0.998  0.000  1.335
  0.998  0.070  0.000  1.794
  0.000  0.000  1.000  0.000
  0.000  0.000  0.000  1.000
At time 1731425659.706758145
- Translation: [1.419, 1.597, 0.000]
- Rotation: in Quaternion [0.000, 0.000, 0.660, 0.751]
- Rotation: in RPY (radian) [0.000, -0.000, 1.442]
- Rotation: in RPY (degree) [0.000, -0.000, 82.614]
- Matrix:
  0.129 -0.992  0.000  1.419
  0.992  0.129  0.000  1.597
  0.000  0.000  1.000  0.000
  0.000  0.000  0.000  1.000
At time 1731425660.714961542
- Translation: [1.926, 0.909, 0.000]
- Rotation: in Quaternion [0.000, 0.000, 0.291, 0.957]
- Rotation: in RPY (radian) [0.000, -0.000, 0.591]
- Rotation: in RPY (degree) [0.000, -0.000, 33.835]
- Matrix:
  0.831 -0.557  0.000  1.926
  0.557  0.831  0.000  0.909
  0.000  0.000  1.000  0.000
  0.000  0.000  0.000  1.000
At time 1731425661.707320162
- Translation: [1.106, 0.231, 0.000]
- Rotation: in Quaternion [0.000, 0.000, 0.076, 0.997]
- Rotation: in RPY (radian) [0.000, -0.000, 0.153]
- Rotation: in RPY (degree) [0.000, -0.000, 8.752]
- Matrix:
  0.988 -0.152  0.000  1.106
  0.152  0.988  0.000  0.231
  0.000  0.000  1.000  0.000
  0.000  0.000  0.000  1.000
At time 1731425662.715321305
- Translation: [0.564, 0.056, 0.000]
- Rotation: in Quaternion [0.000, 0.000, -0.027, 1.000]
- Rotation: in RPY (radian) [0.000, 0.000, -0.055]
- Rotation: in RPY (degree) [0.000, 0.000, -3.136]
- Matrix:
  0.999  0.055  0.000  0.564
 -0.055  0.999 -0.000  0.056
 -0.000  0.000  1.000  0.000
  0.000  0.000  0.000  1.000
At time 1731425663.706893465
- Translation: [0.286, 0.014, 0.000]
- Rotation: in Quaternion [0.000, 0.000, -0.076, 0.997]
- Rotation: in RPY (radian) [0.000, 0.000, -0.153]
- Rotation: in RPY (degree) [0.000, 0.000, -8.764]
- Matrix:
  0.988  0.152  0.000  0.286
 -0.152  0.988 -0.000  0.014
 -0.000  0.000  1.000  0.000
  0.000  0.000  0.000  1.000
At time 1731425664.715200060
- Translation: [0.142, 0.003, 0.000]
- Rotation: in Quaternion [0.000, 0.000, -0.101, 0.995]
- Rotation: in RPY (radian) [0.000, 0.000, -0.202]
- Rotation: in RPY (degree) [0.000, 0.000, -11.592]
- Matrix:
  0.980  0.201  0.000  0.142
 -0.201  0.980 -0.000  0.003
 -0.000  0.000  1.000  0.000
  0.000  0.000  0.000  1.000
At time 1731425665.706794673
- Translation: [0.072, 0.001, 0.000]
- Rotation: in Quaternion [0.000, 0.000, -0.113, 0.994]
- Rotation: in RPY (radian) [0.000, 0.000, -0.226]
- Rotation: in RPY (degree) [0.000, 0.000, -12.950]
- Matrix:
  0.975  0.224  0.000  0.072
 -0.224  0.975 -0.000  0.001
 -0.000  0.000  1.000  0.000
  0.000  0.000  0.000  1.000
At time 1731425666.715513553
- Translation: [0.036, 0.000, 0.000]
- Rotation: in Quaternion [0.000, 0.000, -0.119, 0.993]
- Rotation: in RPY (radian) [0.000, 0.000, -0.238]
- Rotation: in RPY (degree) [0.000, 0.000, -13.633]
- Matrix:
  0.972  0.236  0.000  0.036
 -0.236  0.972 -0.000  0.000
 -0.000  0.000  1.000  0.000
  0.000  0.000  0.000  1.000
At time 1731425667.707366118
- Translation: [0.018, 0.000, 0.000]
- Rotation: in Quaternion [0.000, 0.000, -0.122, 0.993]
- Rotation: in RPY (radian) [0.000, 0.000, -0.244]
- Rotation: in RPY (degree) [0.000, 0.000, -13.961]
- Matrix:
  0.970  0.241  0.000  0.018
 -0.241  0.970 -0.000  0.000
 -0.000  0.000  1.000  0.000
  0.000  0.000  0.000  1.000
